image: /home/muhammadhani/Muhd_MDX_map.pgm
resolution: 0.010000
origin: [-44.960000, -20.000000, 0.000000]
negate: 0
occupied_thresh: 0.65
free_thresh: 0.196



 


